-[ RECORD 1 ]----------+-----------------------------------------------------------------------------------------------------------------------------------------------------------------------------------------------------------------------------------------------------------------------------------------------------------------------------------------------------------------------------------------------------------------------------------------------------------------------------------------------------------------------------------------------------------------------------------------------------------------
schemaname             | public
tablename              | t
attname                | k
inherited              | f
null_frac              | 0
avg_width              | 4
n_distinct             | -1
most_common_vals       | 
most_common_freqs      | 
histogram_bounds       | {1,931,1835,2857,3948,4905,5943,6893,7841,8792,9865,10895,11953,12978,13961,14988,16036,16990,17988,19132,20136,21175,22196,23203,24103,25051,26124,27179,28206,29156,30121,31096,32055,32971,33924,34918,35931,36982,37967,38956,39953,41024,42037,43009,43990,44973,45983,46988,48050,49122,50097,51115,52149,53103,54155,55260,56220,57230,58202,59258,60262,61278,62269,63259,64249,65302,66317,67289,68439,69413,70385,71343,72346,73345,74275,75328,76300,77316,78377,79359,80313,81299,82265,83257,84165,85099,86103,87149,88138,89132,90159,91111,92068,93019,93970,94953,95972,96926,97853,98907,99999}
correlation            | 1
most_common_elems      | 
most_common_elem_freqs | 
elem_count_histogram   | 
-[ RECORD 2 ]----------+-----------------------------------------------------------------------------------------------------------------------------------------------------------------------------------------------------------------------------------------------------------------------------------------------------------------------------------------------------------------------------------------------------------------------------------------------------------------------------------------------------------------------------------------------------------------------------------------------------------------
schemaname             | public
tablename              | t
attname                | v
inherited              | f
null_frac              | 0
avg_width              | 4
n_distinct             | 10
most_common_vals       | {3,5,8,1,4,9,7,0,2,6}
most_common_freqs      | {0.10333333,0.103,0.1012,0.100766666,0.0997,0.09966667,0.09836667,0.09816667,0.09793333,0.09786667}
histogram_bounds       | 
correlation            | 0.09683088
most_common_elems      | 
most_common_elem_freqs | 
elem_count_histogram   | 

